659.738 159.733
679.135 155.226
698.992 150.734
719.684 146.297
740.841 141.471
762.777 136.781
785.256 132.101
808.274 127.088
831.958 122.083
664.485 182.188
683.809 178.216
703.859 174.135
724.476 169.84
745.82 165.654
767.676 161.191
790.348 156.645
813.417 152.296
837.06 147.568
669.162 204.679
688.681 201.143
708.627 197.374
729.354 193.521
750.637 189.594
772.616 185.595
795.216 181.591
818.327 177.428
842.129 173.26
673.85 227.335
693.413 224.039
713.398 220.538
734.192 217.224
755.462 213.612
777.526 210.038
800.016 206.291
823.171 202.603
846.985 198.765
678.539 249.606
697.959 246.536
718.139 243.827
738.804 240.686
760.266 237.651
782.197 234.27
804.67 231.024
827.913 227.605
851.719 224.16
683.109 271.743
702.662 269.393
722.716 266.719
743.518 264.186
764.776 261.389
786.676 258.519
809.294 255.472
832.411 252.528
856.161 249.416
801.05 245.499
775.843 246.375
750.574 247.274
725.206 247.875
699.562 248.566
674.459 249.539
649.319 250.482
624.275 251.273
599.486 251.96
799.537 223.588
774.555 224.478
749.497 225.331
724.516 225.817
699.539 226.652
674.531 227.51
649.838 228.344
625.326 229.4
601.045 230.327
797.612 202.461
773.248 203.285
748.585 203.791
724.113 204.62
699.422 205.447
674.807 206.424
650.494 207.395
626.407 208.285
602.466 209.409
795.664 182.249
771.532 182.628
747.537 183.541
723.49 184.391
699.341 185.092
675.274 185.806
651.275 186.896
627.474 187.88
603.764 189.022
793.864 162.315
770.5 163.134
746.564 163.585
722.758 164.518
699.16 165.31
675.453 166.345
651.759 167.447
628.488 168.355
605.429 169.411
792.232 143.513
768.804 144.079
745.465 144.675
722.374 145.529
698.934 146.453
675.575 147.511
652.496 148.327
629.473 149.517
606.708 150.539
