664.243 129.917
685.106 123.212
706.504 116.703
728.211 109.756
750.506 103.083
773.148 96.3211
795.837 89.5081
819.281 82.5308
842.641 75.5632
672.11 151.646
692.816 145.327
714.192 138.779
735.968 132.351
758.165 125.805
780.666 119.312
803.505 112.662
826.694 106.101
850.313 99.4729
679.749 173.324
700.571 167.249
721.673 161.156
743.473 154.669
765.551 148.576
788.236 142.182
810.947 135.924
834.129 129.557
857.503 123.121
687.393 194.576
708.128 189.016
729.344 182.942
750.913 177.064
773.026 171.026
795.453 165.05
818.247 158.834
841.278 152.726
864.693 146.582
694.713 215.842
715.563 210.377
736.736 204.833
758.338 199.222
780.342 193.418
802.661 187.497
825.379 181.662
848.276 175.695
871.697 169.856
702.24 236.662
722.898 231.528
744.075 226.206
765.413 220.848
787.385 215.335
809.689 209.829
832.279 204.099
854.998 198.666
878.293 191.944
856.161 249.416
832.411 252.528
809.294 255.472
786.676 258.519
764.776 261.389
743.518 264.186
722.716 266.719
702.662 269.393
683.109 271.743
851.719 224.16
827.913 227.605
804.67 231.024
782.197 234.27
760.266 237.651
738.804 240.686
718.139 243.827
697.959 246.536
678.539 249.606
846.985 198.765
823.171 202.603
800.016 206.291
777.526 210.038
755.462 213.612
734.192 217.224
713.398 220.538
693.413 224.039
673.85 227.335
842.129 173.26
818.327 177.428
795.216 181.591
772.616 185.595
750.637 189.594
729.354 193.521
708.627 197.374
688.681 201.143
669.162 204.679
837.06 147.568
813.417 152.296
790.348 156.645
767.676 161.191
745.82 165.654
724.476 169.84
703.859 174.135
683.809 178.216
664.485 182.188
831.958 122.083
808.274 127.088
785.256 132.101
762.777 136.781
740.841 141.471
719.684 146.297
698.992 150.734
679.135 155.226
659.738 159.733
