561.414 201.542
594.963 201.861
628.991 201.98
663.452 202.368
697.578 202.536
731.997 202.977
766.361 203.501
799.824 203.673
833.387 204.424
555.984 218.285
590.724 218.298
626.439 218.565
662.125 218.659
697.839 219.299
733.586 219.549
769.317 219.654
804.477 220.42
839.299 220.625
550.213 235.676
586.391 236.224
623.448 236.469
660.58 236.784
698.273 237.266
735.48 237.474
772.498 237.74
809.466 238.252
845.255 238.526
543.705 255.183
581.782 255.513
620.375 255.787
659.277 256.346
698.442 256.632
737.452 257.192
776.199 257.349
814.47 257.548
851.884 257.623
536.779 276.207
576.616 276.683
617.143 277.161
657.519 277.63
698.56 278.043
739.486 278.426
780.145 278.536
819.815 278.517
858.999 278.99
529.506 299.037
571.026 299.596
613.399 300.578
655.881 300.953
698.756 301.428
741.668 301.602
783.877 301.642
826.131 301.836
866.852 301.611
869.552 295.556
827.43 296.622
784.553 297.554
741.313 298.613
697.451 299.298
654.153 299.717
610.753 300.537
568.552 300.533
527.016 300.98
862.953 265.716
822.513 266.603
781.4 267.516
739.503 268.375
697.571 269.161
655.788 269.665
614.481 270.386
573.55 270.721
533.678 271.488
856.804 238.528
817.578 239.183
777.849 239.634
738.195 240.436
697.702 241.321
657.718 241.715
617.702 242.491
578.728 243.243
540.03 243.932
850.709 213.073
813.297 213.419
775.12 214.226
736.595 214.664
697.962 215.59
659.486 216.246
621.171 216.873
583.416 217.673
546.287 218.456
845.327 189.398
808.786 189.996
772.135 190.291
735.301 191.099
698.223 191.603
660.941 192.46
624.249 193.463
587.796 193.996
551.829 195.308
839.813 167.769
805.019 168.014
769.469 168.47
733.756 168.902
698.206 169.59
662.463 170.359
627.174 171.257
591.662 172.326
557.173 173.305
