606.708 150.539
629.473 149.517
652.496 148.327
675.575 147.511
698.934 146.453
722.374 145.529
745.465 144.675
768.804 144.079
792.232 143.513
605.429 169.411
628.488 168.355
651.759 167.447
675.453 166.345
699.16 165.31
722.758 164.518
746.564 163.585
770.5 163.134
793.864 162.315
603.764 189.022
627.474 187.88
651.275 186.896
675.274 185.806
699.341 185.092
723.49 184.391
747.537 183.541
771.532 182.628
795.664 182.249
602.466 209.409
626.407 208.285
650.494 207.395
674.807 206.424
699.422 205.447
724.113 204.62
748.585 203.791
773.248 203.285
797.612 202.461
601.045 230.327
625.326 229.4
649.838 228.344
674.531 227.51
699.539 226.652
724.516 225.817
749.497 225.331
774.555 224.478
799.537 223.588
599.486 251.96
624.275 251.273
649.319 250.482
674.459 249.539
699.562 248.566
725.206 247.875
750.574 247.274
775.843 246.375
801.05 245.499
866.852 301.611
826.131 301.836
783.877 301.642
741.668 301.602
698.756 301.428
655.881 300.953
613.399 300.578
571.026 299.596
529.506 299.037
858.999 278.99
819.815 278.517
780.145 278.536
739.486 278.426
698.56 278.043
657.519 277.63
617.143 277.161
576.616 276.683
536.779 276.207
851.884 257.623
814.47 257.548
776.199 257.349
737.452 257.192
698.442 256.632
659.277 256.346
620.375 255.787
581.782 255.513
543.705 255.183
845.255 238.526
809.466 238.252
772.498 237.74
735.48 237.474
698.273 237.266
660.58 236.784
623.448 236.469
586.391 236.224
550.213 235.676
839.299 220.625
804.477 220.42
769.317 219.654
733.586 219.549
697.839 219.299
662.125 218.659
626.439 218.565
590.724 218.298
555.984 218.285
833.387 204.424
799.824 203.673
766.361 203.501
731.997 202.977
697.578 202.536
663.452 202.368
628.991 201.98
594.963 201.861
561.414 201.542
