557.173 173.305
591.662 172.326
627.174 171.257
662.463 170.359
698.206 169.59
733.756 168.902
769.469 168.47
805.019 168.014
839.813 167.769
551.829 195.308
587.796 193.996
624.249 193.463
660.941 192.46
698.223 191.603
735.301 191.099
772.135 190.291
808.786 189.996
845.327 189.398
546.287 218.456
583.416 217.673
621.171 216.873
659.486 216.246
697.962 215.59
736.595 214.664
775.12 214.226
813.297 213.419
850.709 213.073
540.03 243.932
578.728 243.243
617.702 242.491
657.718 241.715
697.702 241.321
738.195 240.436
777.849 239.634
817.578 239.183
856.804 238.528
533.678 271.488
573.55 270.721
614.481 270.386
655.788 269.665
697.571 269.161
739.503 268.375
781.4 267.516
822.513 266.603
862.953 265.716
527.016 300.98
568.552 300.533
610.753 300.537
654.153 299.717
697.451 299.298
741.313 298.613
784.553 297.554
827.43 296.622
869.552 295.556
849.354 199.464
828.279 199.738
807.804 200.248
788.325 200.476
769.299 200.786
750.898 201.311
733.487 201.494
716.486 201.995
700.408 202.371
850.529 174.48
829.449 175.404
809.228 176.219
789.471 176.913
770.559 177.64
752.516 178.463
734.829 179.426
718.069 180.291
701.667 180.985
851.665 149.58
830.621 151.028
810.424 152.433
790.766 153.484
772.1 154.663
753.742 156.203
736.414 157.47
719.492 158.529
703.487 159.598
852.544 125.428
831.583 127.224
811.43 128.707
792.242 130.417
773.43 132.345
755.335 133.653
737.605 135.61
720.873 137.171
704.707 138.769
853.394 101.404
832.579 103.436
812.538 105.559
793.348 107.709
774.488 109.762
756.452 111.909
739.303 113.889
722.394 116.052
706.299 117.96
854.164 77.6898
833.567 80.2626
813.423 82.7375
794.31 85.3465
775.541 87.9314
757.668 90.3444
740.505 92.7046
723.576 95.2293
707.534 97.6104
