664.243 129.917
685.106 123.212
706.504 116.703
728.211 109.756
750.506 103.083
773.148 96.3211
795.837 89.5081
819.281 82.5308
842.641 75.5632
672.11 151.646
692.816 145.327
714.192 138.779
735.968 132.351
758.165 125.805
780.666 119.312
803.505 112.662
826.694 106.101
850.313 99.4729
679.749 173.324
700.571 167.249
721.673 161.156
743.473 154.669
765.551 148.576
788.236 142.182
810.947 135.924
834.129 129.557
857.503 123.121
687.393 194.576
708.128 189.016
729.344 182.942
750.913 177.064
773.026 171.026
795.453 165.05
818.247 158.834
841.278 152.726
864.693 146.582
694.713 215.842
715.563 210.377
736.736 204.833
758.338 199.222
780.342 193.418
802.661 187.497
825.379 181.662
848.276 175.695
871.697 169.856
702.24 236.662
722.898 231.528
744.075 226.206
765.413 220.848
787.385 215.335
809.689 209.829
832.279 204.099
854.998 198.666
878.293 191.944
