0.0421965 -2.47884 0.408363
0.0429254 -2.47798 0.308369
0.0436544 -2.47712 0.208375
0.0443834 -2.47626 0.108382
0.0451124 -2.4754 0.00838818
0.0458413 -2.47454 -0.0916055
0.0465703 -2.47368 -0.191599
0.0472993 -2.47282 -0.291593
0.0480283 -2.47196 -0.391586
-0.0185928 -2.39944 0.408603
-0.0178638 -2.39858 0.308609
-0.0171348 -2.39772 0.208615
-0.0164058 -2.39686 0.108622
-0.0156768 -2.396 0.00862821
-0.0149479 -2.39514 -0.0913654
-0.0142189 -2.39428 -0.191359
-0.0134899 -2.39342 -0.291353
-0.0127609 -2.39256 -0.391346
-0.079382 -2.32004 0.408843
-0.078653 -2.31918 0.308849
-0.077924 -2.31832 0.208856
-0.077195 -2.31746 0.108862
-0.0764661 -2.3166 0.00886823
-0.0757371 -2.31574 -0.0911254
-0.0750081 -2.31488 -0.191119
-0.0742791 -2.31402 -0.291113
-0.0735501 -2.31316 -0.391106
-0.140171 -2.24064 0.409083
-0.139442 -2.23978 0.309089
-0.138713 -2.23892 0.209096
-0.137984 -2.23806 0.109102
-0.137255 -2.2372 0.00910825
-0.136526 -2.23634 -0.0908854
-0.135797 -2.23548 -0.190879
-0.135068 -2.23462 -0.290873
-0.134339 -2.23376 -0.390866
-0.20096 -2.16124 0.409323
-0.200231 -2.16038 0.309329
-0.199502 -2.15952 0.209336
-0.198773 -2.15866 0.109342
-0.198044 -2.1578 0.00934828
-0.197315 -2.15694 -0.0906454
-0.196587 -2.15608 -0.190639
-0.195858 -2.15522 -0.290633
-0.195129 -2.15436 -0.390626
-0.26175 -2.08184 0.409563
-0.261021 -2.08098 0.309569
-0.260292 -2.08012 0.209576
-0.259563 -2.07926 0.109582
-0.258834 -2.0784 0.0095883
-0.258105 -2.07753 -0.0904053
-0.257376 -2.07667 -0.190399
-0.256647 -2.07581 -0.290393
-0.255918 -2.07495 -0.390386
0.0526009 -0.562551 3.84451
0.124439 -0.560498 3.77497
0.196278 -0.558446 3.70544
0.268116 -0.556394 3.6359
0.339954 -0.554341 3.56637
0.411793 -0.552289 3.49683
0.483631 -0.550237 3.4273
0.555469 -0.548184 3.35777
0.627308 -0.546132 3.28823
0.0473358 -0.46272 3.84201
0.119174 -0.460668 3.77248
0.191013 -0.458616 3.70294
0.262851 -0.456564 3.63341
0.334689 -0.454511 3.56388
0.406528 -0.452459 3.49434
0.478366 -0.450407 3.42481
0.550204 -0.448354 3.35527
0.622043 -0.446302 3.28574
0.0420708 -0.36289 3.83952
0.113909 -0.360838 3.76999
0.185748 -0.358786 3.70045
0.257586 -0.356733 3.63092
0.329424 -0.354681 3.56138
0.401263 -0.352629 3.49185
0.473101 -0.350576 3.42231
0.544939 -0.348524 3.35278
0.616778 -0.346472 3.28325
0.0368058 -0.26306 3.83703
0.108644 -0.261008 3.76749
0.180482 -0.258955 3.69796
0.252321 -0.256903 3.62842
0.324159 -0.254851 3.55889
0.395998 -0.252799 3.48936
0.467836 -0.250746 3.41982
0.539674 -0.248694 3.35029
0.611513 -0.246642 3.28075
0.0315407 -0.16323 3.83453
0.103379 -0.161178 3.765
0.175217 -0.159125 3.69547
0.247056 -0.157073 3.62593
0.318894 -0.155021 3.5564
0.390733 -0.152968 3.48686
0.462571 -0.150916 3.41733
0.534409 -0.148864 3.34779
0.606248 -0.146811 3.27826
0.0262757 -0.0633997 3.83204
0.098114 -0.0613474 3.76251
0.169952 -0.0592951 3.69297
0.241791 -0.0572428 3.62344
0.313629 -0.0551905 3.5539
0.385467 -0.0531382 3.48437
0.457306 -0.0510859 3.41484
0.529144 -0.0490336 3.3453
0.600983 -0.0469812 3.27577
