3.58651 0.38745 0.261951
3.58155 0.28767 0.266349
3.57659 0.18789 0.270747
3.57163 0.08811 0.275145
3.56667 -0.0116701 0.279543
3.56171 -0.11145 0.283941
3.55676 -0.21123 0.288339
3.5518 -0.31101 0.292737
3.54684 -0.41079 0.297135
3.53916 0.385922 0.173885
3.5342 0.286142 0.178283
3.52924 0.186362 0.182681
3.52428 0.0865814 0.187079
3.51932 -0.0131987 0.191477
3.51436 -0.112979 0.195875
3.5094 -0.212759 0.200273
3.50445 -0.312539 0.204671
3.49949 -0.412319 0.209069
3.49181 0.384393 0.0858195
3.48685 0.284613 0.0902175
3.48189 0.184833 0.0946156
3.47693 0.0850528 0.0990136
3.47197 -0.0147273 0.103412
3.46701 -0.114507 0.10781
3.46205 -0.214287 0.112208
3.4571 -0.314068 0.116606
3.45214 -0.413848 0.121004
3.44445 0.382865 -0.00224617
3.4395 0.283084 0.00215188
3.43454 0.183304 0.00654992
3.42958 0.0835242 0.010948
3.42462 -0.0162559 0.015346
3.41966 -0.116036 0.0197441
3.4147 -0.215816 0.0241421
3.40974 -0.315596 0.0285401
3.40479 -0.415376 0.0329382
3.3971 0.381336 -0.0903118
3.39214 0.281556 -0.0859138
3.38719 0.181776 -0.0815157
3.38223 0.0819956 -0.0771177
3.37727 -0.0177845 -0.0727196
3.37231 -0.117565 -0.0683216
3.36735 -0.217345 -0.0639235
3.36239 -0.317125 -0.0595255
3.35743 -0.416905 -0.0551274
3.34975 0.379807 -0.178377
3.34479 0.280027 -0.173979
3.33984 0.180247 -0.169581
3.33488 0.080467 -0.165183
3.32992 -0.0193131 -0.160785
3.32496 -0.119093 -0.156387
3.32 -0.218873 -0.151989
3.31504 -0.318653 -0.147591
3.31008 -0.418433 -0.143193
