0.226736 -3.61178 -0.150905
0.240334 -3.56032 -0.066249
0.253931 -3.50885 0.0184067
0.267529 -3.45739 0.103062
0.281127 -3.40593 0.187718
0.294725 -3.35446 0.272374
0.308322 -3.303 0.357029
0.32192 -3.25153 0.441685
0.335518 -3.20007 0.526341
0.128991 -3.61874 -0.130971
0.142588 -3.56728 -0.0463153
0.156186 -3.51582 0.0383404
0.169784 -3.46435 0.122996
0.183382 -3.41289 0.207652
0.196979 -3.36143 0.292307
0.210577 -3.30996 0.376963
0.224175 -3.2585 0.461619
0.237772 -3.20703 0.546274
0.0312452 -3.62571 -0.111037
0.044843 -3.57424 -0.0263816
0.0584407 -3.52278 0.0582741
0.0720384 -3.47132 0.14293
0.0856361 -3.41985 0.227585
0.0992339 -3.36839 0.312241
0.112832 -3.31693 0.396897
0.126429 -3.26546 0.481552
0.140027 -3.214 0.566208
-0.0665001 -3.63267 -0.0911036
-0.0529024 -3.58121 -0.00644794
-0.0393047 -3.52974 0.0782078
-0.025707 -3.47828 0.162863
-0.0121092 -3.42682 0.247519
0.0014885 -3.37535 0.332175
0.0150862 -3.32389 0.41683
0.028684 -3.27243 0.501486
0.0422817 -3.22096 0.586142
-0.164246 -3.63964 -0.0711699
-0.150648 -3.58817 0.0134858
-0.13705 -3.53671 0.0981414
-0.123452 -3.48524 0.182797
-0.109855 -3.43378 0.267453
-0.0962569 -3.38232 0.352109
-0.0826591 -3.33085 0.436764
-0.0690614 -3.27939 0.52142
-0.0554637 -3.22793 0.606076
-0.261991 -3.6466 -0.0512362
-0.248393 -3.59514 0.0334194
-0.234795 -3.54367 0.118075
-0.221198 -3.49221 0.202731
-0.2076 -3.44074 0.287387
-0.194002 -3.38928 0.372042
-0.180404 -3.33782 0.456698
-0.166807 -3.28635 0.541354
-0.153209 -3.23489 0.626009
-0.38745 -0.261951 3.58651
-0.28767 -0.266349 3.58155
-0.18789 -0.270747 3.57659
-0.08811 -0.275145 3.57163
0.0116701 -0.279543 3.56667
0.11145 -0.283941 3.56171
0.21123 -0.288339 3.55676
0.31101 -0.292737 3.5518
0.41079 -0.297135 3.54684
-0.385922 -0.173885 3.53916
-0.286142 -0.178283 3.5342
-0.186362 -0.182681 3.52924
-0.0865814 -0.187079 3.52428
0.0131987 -0.191477 3.51932
0.112979 -0.195875 3.51436
0.212759 -0.200273 3.5094
0.312539 -0.204671 3.50445
0.412319 -0.209069 3.49949
-0.384393 -0.0858195 3.49181
-0.284613 -0.0902175 3.48685
-0.184833 -0.0946156 3.48189
-0.0850528 -0.0990136 3.47693
0.0147273 -0.103412 3.47197
0.114507 -0.10781 3.46701
0.214287 -0.112208 3.46205
0.314068 -0.116606 3.4571
0.413848 -0.121004 3.45214
-0.382865 0.00224617 3.44445
-0.283084 -0.00215188 3.4395
-0.183304 -0.00654992 3.43454
-0.0835242 -0.010948 3.42958
0.0162559 -0.015346 3.42462
0.116036 -0.0197441 3.41966
0.215816 -0.0241421 3.4147
0.315596 -0.0285401 3.40974
0.415376 -0.0329382 3.40479
-0.381336 0.0903118 3.3971
-0.281556 0.0859138 3.39214
-0.181776 0.0815157 3.38719
-0.0819956 0.0771177 3.38223
0.0177845 0.0727196 3.37727
0.117565 0.0683216 3.37231
0.217345 0.0639235 3.36735
0.317125 0.0595255 3.36239
0.416905 0.0551274 3.35743
-0.379807 0.178377 3.34975
-0.280027 0.173979 3.34479
-0.180247 0.169581 3.33984
-0.080467 0.165183 3.33488
0.0193131 0.160785 3.32992
0.119093 0.156387 3.32496
0.218873 0.151989 3.32
0.318653 0.147591 3.31504
0.418433 0.143193 3.31008
