3.84451 -0.0526009 0.562551
3.77497 -0.124439 0.560498
3.70544 -0.196278 0.558446
3.6359 -0.268116 0.556394
3.56637 -0.339954 0.554341
3.49683 -0.411793 0.552289
3.4273 -0.483631 0.550237
3.35777 -0.555469 0.548184
3.28823 -0.627308 0.546132
3.84201 -0.0473358 0.46272
3.77248 -0.119174 0.460668
3.70294 -0.191013 0.458616
3.63341 -0.262851 0.456564
3.56388 -0.334689 0.454511
3.49434 -0.406528 0.452459
3.42481 -0.478366 0.450407
3.35527 -0.550204 0.448354
3.28574 -0.622043 0.446302
3.83952 -0.0420708 0.36289
3.76999 -0.113909 0.360838
3.70045 -0.185748 0.358786
3.63092 -0.257586 0.356733
3.56138 -0.329424 0.354681
3.49185 -0.401263 0.352629
3.42231 -0.473101 0.350576
3.35278 -0.544939 0.348524
3.28325 -0.616778 0.346472
3.83703 -0.0368058 0.26306
3.76749 -0.108644 0.261008
3.69796 -0.180482 0.258955
3.62842 -0.252321 0.256903
3.55889 -0.324159 0.254851
3.48936 -0.395998 0.252799
3.41982 -0.467836 0.250746
3.35029 -0.539674 0.248694
3.28075 -0.611513 0.246642
3.83453 -0.0315407 0.16323
3.765 -0.103379 0.161178
3.69547 -0.175217 0.159125
3.62593 -0.247056 0.157073
3.5564 -0.318894 0.155021
3.48686 -0.390733 0.152968
3.41733 -0.462571 0.150916
3.34779 -0.534409 0.148864
3.27826 -0.606248 0.146811
3.83204 -0.0262757 0.0633997
3.76251 -0.098114 0.0613474
3.69297 -0.169952 0.0592951
3.62344 -0.241791 0.0572428
3.5539 -0.313629 0.0551905
3.48437 -0.385467 0.0531382
3.41484 -0.457306 0.0510859
3.3453 -0.529144 0.0490336
3.27577 -0.600983 0.0469812
