0.355861 -3.55737 -0.138317
0.377103 -3.51506 -0.0502374
0.398345 -3.47274 0.0378425
0.419586 -3.43042 0.125922
0.440828 -3.38811 0.214002
0.46207 -3.34579 0.302082
0.483312 -3.30347 0.390162
0.504554 -3.26116 0.478242
0.525796 -3.21884 0.566322
0.267345 -3.58723 -0.102628
0.288587 -3.54491 -0.0145478
0.309829 -3.50259 0.0735321
0.331071 -3.46028 0.161612
0.352313 -3.41796 0.249692
0.373554 -3.37564 0.337772
0.394796 -3.33333 0.425852
0.416038 -3.29101 0.513932
0.43728 -3.24869 0.602011
0.178829 -3.61708 -0.0669381
0.200071 -3.57476 0.0211418
0.221313 -3.53245 0.109222
0.242555 -3.49013 0.197302
0.263797 -3.44781 0.285381
0.285039 -3.4055 0.373461
0.30628 -3.36318 0.461541
0.327522 -3.32086 0.549621
0.348764 -3.27855 0.637701
0.0903136 -3.64693 -0.0312485
0.111555 -3.60462 0.0568314
0.132797 -3.5623 0.144911
0.154039 -3.51998 0.232991
0.175281 -3.47767 0.321071
0.196523 -3.43535 0.409151
0.217765 -3.39303 0.497231
0.239007 -3.35072 0.585311
0.260248 -3.3084 0.673391
0.00179784 -3.67679 0.00444107
0.0230397 -3.63447 0.0925209
0.0442815 -3.59215 0.180601
0.0655234 -3.54984 0.268681
0.0867652 -3.50752 0.356761
0.108007 -3.4652 0.44484
0.129249 -3.42289 0.53292
0.150491 -3.38057 0.621
0.171733 -3.33825 0.70908
-0.0867179 -3.70664 0.0401306
-0.0654761 -3.66432 0.128211
-0.0442342 -3.62201 0.21629
-0.0229924 -3.57969 0.30437
-0.00175051 -3.53737 0.39245
0.0194913 -3.49506 0.48053
0.0407332 -3.45274 0.56861
0.0619751 -3.41042 0.65669
0.0832169 -3.36811 0.74477
-0.0512362 0.261991 3.6466
0.0334194 0.248393 3.59514
0.118075 0.234795 3.54367
0.202731 0.221198 3.49221
0.287387 0.2076 3.44074
0.372042 0.194002 3.38928
0.456698 0.180404 3.33782
0.541354 0.166807 3.28635
0.626009 0.153209 3.23489
-0.0711699 0.164246 3.63964
0.0134858 0.150648 3.58817
0.0981414 0.13705 3.53671
0.182797 0.123452 3.48524
0.267453 0.109855 3.43378
0.352109 0.0962569 3.38232
0.436764 0.0826591 3.33085
0.52142 0.0690614 3.27939
0.606076 0.0554637 3.22793
-0.0911036 0.0665001 3.63267
-0.00644794 0.0529024 3.58121
0.0782078 0.0393047 3.52974
0.162863 0.025707 3.47828
0.247519 0.0121092 3.42682
0.332175 -0.0014885 3.37535
0.41683 -0.0150862 3.32389
0.501486 -0.028684 3.27243
0.586142 -0.0422817 3.22096
-0.111037 -0.0312452 3.62571
-0.0263816 -0.044843 3.57424
0.0582741 -0.0584407 3.52278
0.14293 -0.0720384 3.47132
0.227585 -0.0856361 3.41985
0.312241 -0.0992339 3.36839
0.396897 -0.112832 3.31693
0.481552 -0.126429 3.26546
0.566208 -0.140027 3.214
-0.130971 -0.128991 3.61874
-0.0463153 -0.142588 3.56728
0.0383404 -0.156186 3.51582
0.122996 -0.169784 3.46435
0.207652 -0.183382 3.41289
0.292307 -0.196979 3.36143
0.376963 -0.210577 3.30996
0.461619 -0.224175 3.2585
0.546274 -0.237772 3.20703
-0.150905 -0.226736 3.61178
-0.066249 -0.240334 3.56032
0.0184067 -0.253931 3.50885
0.103062 -0.267529 3.45739
0.187718 -0.281127 3.40593
0.272374 -0.294725 3.35446
0.357029 -0.308322 3.303
0.441685 -0.32192 3.25153
0.526341 -0.335518 3.20007
