2.10672 0.386778 -0.259735
2.10808 0.28679 -0.260381
2.10945 0.186801 -0.261028
2.11081 0.0868126 -0.261674
2.11218 -0.013176 -0.26232
2.11355 -0.113165 -0.262966
2.11491 -0.213153 -0.263612
2.11628 -0.313142 -0.264258
2.11765 -0.41313 -0.264904
2.1962 0.387713 -0.215113
2.19757 0.287724 -0.21576
2.19894 0.187735 -0.216406
2.2003 0.0877469 -0.217052
2.20167 -0.0122417 -0.217698
2.20303 -0.11223 -0.218344
2.2044 -0.212219 -0.21899
2.20577 -0.312207 -0.219636
2.20713 -0.412196 -0.220283
2.28569 0.388647 -0.170492
2.28706 0.288658 -0.171138
2.28842 0.18867 -0.171784
2.28979 0.0886812 -0.17243
2.29116 -0.0113074 -0.173076
2.29252 -0.111296 -0.173722
2.29389 -0.211284 -0.174369
2.29525 -0.311273 -0.175015
2.29662 -0.411262 -0.175661
2.37518 0.389581 -0.12587
2.37655 0.289593 -0.126516
2.37791 0.189604 -0.127162
2.37928 0.0896155 -0.127808
2.38064 -0.0103731 -0.128454
2.38201 -0.110362 -0.129101
2.38338 -0.21035 -0.129747
2.38474 -0.310339 -0.130393
2.38611 -0.410327 -0.131039
2.46467 0.390515 -0.0812481
2.46603 0.290527 -0.0818942
2.4674 0.190538 -0.0825404
2.46877 0.0905498 -0.0831865
2.47013 -0.00943875 -0.0838326
2.4715 -0.109427 -0.0844788
2.47286 -0.209416 -0.0851249
2.47423 -0.309404 -0.0857711
2.4756 -0.409393 -0.0864172
2.55415 0.39145 -0.0366262
2.55552 0.291461 -0.0372724
2.55689 0.191473 -0.0379186
2.55825 0.0914841 -0.0385647
2.55962 -0.00850444 -0.0392108
2.56098 -0.108493 -0.039857
2.56235 -0.208482 -0.0405031
2.56372 -0.30847 -0.0411493
2.56508 -0.408459 -0.0417954
