-0.0417954 -2.56508 0.408459
-0.0411493 -2.56372 0.30847
-0.0405031 -2.56235 0.208482
-0.039857 -2.56098 0.108493
-0.0392108 -2.55962 0.00850444
-0.0385647 -2.55825 -0.0914841
-0.0379186 -2.55689 -0.191473
-0.0372724 -2.55552 -0.291461
-0.0366262 -2.55415 -0.39145
-0.0864172 -2.4756 0.409393
-0.0857711 -2.47423 0.309404
-0.0851249 -2.47286 0.209416
-0.0844788 -2.4715 0.109427
-0.0838326 -2.47013 0.00943875
-0.0831865 -2.46877 -0.0905498
-0.0825404 -2.4674 -0.190538
-0.0818942 -2.46603 -0.290527
-0.0812481 -2.46467 -0.390515
-0.131039 -2.38611 0.410327
-0.130393 -2.38474 0.310339
-0.129747 -2.38338 0.21035
-0.129101 -2.38201 0.110362
-0.128454 -2.38064 0.0103731
-0.127808 -2.37928 -0.0896155
-0.127162 -2.37791 -0.189604
-0.126516 -2.37655 -0.289593
-0.12587 -2.37518 -0.389581
-0.175661 -2.29662 0.411262
-0.175015 -2.29525 0.311273
-0.174369 -2.29389 0.211284
-0.173722 -2.29252 0.111296
-0.173076 -2.29116 0.0113074
-0.17243 -2.28979 -0.0886812
-0.171784 -2.28842 -0.18867
-0.171138 -2.28706 -0.288658
-0.170492 -2.28569 -0.388647
-0.220283 -2.20713 0.412196
-0.219636 -2.20577 0.312207
-0.21899 -2.2044 0.212219
-0.218344 -2.20303 0.11223
-0.217698 -2.20167 0.0122417
-0.217052 -2.2003 -0.0877469
-0.216406 -2.19894 -0.187735
-0.21576 -2.19757 -0.287724
-0.215113 -2.1962 -0.387713
-0.264904 -2.11765 0.41313
-0.264258 -2.11628 0.313142
-0.263612 -2.11491 0.213153
-0.262966 -2.11355 0.113165
-0.26232 -2.11218 0.013176
-0.261674 -2.11081 -0.0868126
-0.261028 -2.10945 -0.186801
-0.260381 -2.10808 -0.28679
-0.259735 -2.10672 -0.386778
-0.391586 -0.0480283 2.47196
-0.291593 -0.0472993 2.47282
-0.191599 -0.0465703 2.47368
-0.0916055 -0.0458413 2.47454
0.00838818 -0.0451124 2.4754
0.108382 -0.0443834 2.47626
0.208375 -0.0436544 2.47712
0.308369 -0.0429254 2.47798
0.408363 -0.0421965 2.47884
-0.391346 0.0127609 2.39256
-0.291353 0.0134899 2.39342
-0.191359 0.0142189 2.39428
-0.0913654 0.0149479 2.39514
0.00862821 0.0156768 2.396
0.108622 0.0164058 2.39686
0.208615 0.0171348 2.39772
0.308609 0.0178638 2.39858
0.408603 0.0185928 2.39944
-0.391106 0.0735501 2.31316
-0.291113 0.0742791 2.31402
-0.191119 0.0750081 2.31488
-0.0911254 0.0757371 2.31574
0.00886823 0.0764661 2.3166
0.108862 0.077195 2.31746
0.208856 0.077924 2.31832
0.308849 0.078653 2.31918
0.408843 0.079382 2.32004
-0.390866 0.134339 2.23376
-0.290873 0.135068 2.23462
-0.190879 0.135797 2.23548
-0.0908854 0.136526 2.23634
0.00910825 0.137255 2.2372
0.109102 0.137984 2.23806
0.209096 0.138713 2.23892
0.309089 0.139442 2.23978
0.409083 0.140171 2.24064
-0.390626 0.195129 2.15436
-0.290633 0.195858 2.15522
-0.190639 0.196587 2.15608
-0.0906454 0.197315 2.15694
0.00934828 0.198044 2.1578
0.109342 0.198773 2.15866
0.209336 0.199502 2.15952
0.309329 0.200231 2.16038
0.409323 0.20096 2.16124
-0.390386 0.255918 2.07495
-0.290393 0.256647 2.07581
-0.190399 0.257376 2.07667
-0.0904053 0.258105 2.07753
0.0095883 0.258834 2.0784
0.109582 0.259563 2.07926
0.209576 0.260292 2.08012
0.309569 0.261021 2.08098
0.409563 0.26175 2.08184
