2.47196 0.391586 0.0480283
2.47282 0.291593 0.0472993
2.47368 0.191599 0.0465703
2.47454 0.0916055 0.0458413
2.4754 -0.00838818 0.0451124
2.47626 -0.108382 0.0443834
2.47712 -0.208375 0.0436544
2.47798 -0.308369 0.0429254
2.47884 -0.408363 0.0421965
2.39256 0.391346 -0.0127609
2.39342 0.291353 -0.0134899
2.39428 0.191359 -0.0142189
2.39514 0.0913654 -0.0149479
2.396 -0.00862821 -0.0156768
2.39686 -0.108622 -0.0164058
2.39772 -0.208615 -0.0171348
2.39858 -0.308609 -0.0178638
2.39944 -0.408603 -0.0185928
2.31316 0.391106 -0.0735501
2.31402 0.291113 -0.0742791
2.31488 0.191119 -0.0750081
2.31574 0.0911254 -0.0757371
2.3166 -0.00886823 -0.0764661
2.31746 -0.108862 -0.077195
2.31832 -0.208856 -0.077924
2.31918 -0.308849 -0.078653
2.32004 -0.408843 -0.079382
2.23376 0.390866 -0.134339
2.23462 0.290873 -0.135068
2.23548 0.190879 -0.135797
2.23634 0.0908854 -0.136526
2.2372 -0.00910825 -0.137255
2.23806 -0.109102 -0.137984
2.23892 -0.209096 -0.138713
2.23978 -0.309089 -0.139442
2.24064 -0.409083 -0.140171
2.15436 0.390626 -0.195129
2.15522 0.290633 -0.195858
2.15608 0.190639 -0.196587
2.15694 0.0906454 -0.197315
2.1578 -0.00934828 -0.198044
2.15866 -0.109342 -0.198773
2.15952 -0.209336 -0.199502
2.16038 -0.309329 -0.200231
2.16124 -0.409323 -0.20096
2.07495 0.390386 -0.255918
2.07581 0.290393 -0.256647
2.07667 0.190399 -0.257376
2.07753 0.0904053 -0.258105
2.0784 -0.0095883 -0.258834
2.07926 -0.109582 -0.259563
2.08012 -0.209576 -0.260292
2.08098 -0.309569 -0.261021
2.08184 -0.409563 -0.26175
