3.6466 0.0512362 -0.261991
3.59514 -0.0334194 -0.248393
3.54367 -0.118075 -0.234795
3.49221 -0.202731 -0.221198
3.44074 -0.287387 -0.2076
3.38928 -0.372042 -0.194002
3.33782 -0.456698 -0.180404
3.28635 -0.541354 -0.166807
3.23489 -0.626009 -0.153209
3.63964 0.0711699 -0.164246
3.58817 -0.0134858 -0.150648
3.53671 -0.0981414 -0.13705
3.48524 -0.182797 -0.123452
3.43378 -0.267453 -0.109855
3.38232 -0.352109 -0.0962569
3.33085 -0.436764 -0.0826591
3.27939 -0.52142 -0.0690614
3.22793 -0.606076 -0.0554637
3.63267 0.0911036 -0.0665001
3.58121 0.00644794 -0.0529024
3.52974 -0.0782078 -0.0393047
3.47828 -0.162863 -0.025707
3.42682 -0.247519 -0.0121092
3.37535 -0.332175 0.0014885
3.32389 -0.41683 0.0150862
3.27243 -0.501486 0.028684
3.22096 -0.586142 0.0422817
3.62571 0.111037 0.0312452
3.57424 0.0263816 0.044843
3.52278 -0.0582741 0.0584407
3.47132 -0.14293 0.0720384
3.41985 -0.227585 0.0856361
3.36839 -0.312241 0.0992339
3.31693 -0.396897 0.112832
3.26546 -0.481552 0.126429
3.214 -0.566208 0.140027
3.61874 0.130971 0.128991
3.56728 0.0463153 0.142588
3.51582 -0.0383404 0.156186
3.46435 -0.122996 0.169784
3.41289 -0.207652 0.183382
3.36143 -0.292307 0.196979
3.30996 -0.376963 0.210577
3.2585 -0.461619 0.224175
3.20703 -0.546274 0.237772
3.61178 0.150905 0.226736
3.56032 0.066249 0.240334
3.50885 -0.0184067 0.253931
3.45739 -0.103062 0.267529
3.40593 -0.187718 0.281127
3.35446 -0.272374 0.294725
3.303 -0.357029 0.308322
3.25153 -0.441685 0.32192
3.20007 -0.526341 0.335518
