-0.138317 -0.355861 3.55737
-0.0502374 -0.377103 3.51506
0.0378425 -0.398345 3.47274
0.125922 -0.419586 3.43042
0.214002 -0.440828 3.38811
0.302082 -0.46207 3.34579
0.390162 -0.483312 3.30347
0.478242 -0.504554 3.26116
0.566322 -0.525796 3.21884
-0.102628 -0.267345 3.58723
-0.0145478 -0.288587 3.54491
0.0735321 -0.309829 3.50259
0.161612 -0.331071 3.46028
0.249692 -0.352313 3.41796
0.337772 -0.373554 3.37564
0.425852 -0.394796 3.33333
0.513932 -0.416038 3.29101
0.602011 -0.43728 3.24869
-0.0669381 -0.178829 3.61708
0.0211418 -0.200071 3.57476
0.109222 -0.221313 3.53245
0.197302 -0.242555 3.49013
0.285381 -0.263797 3.44781
0.373461 -0.285039 3.4055
0.461541 -0.30628 3.36318
0.549621 -0.327522 3.32086
0.637701 -0.348764 3.27855
-0.0312485 -0.0903136 3.64693
0.0568314 -0.111555 3.60462
0.144911 -0.132797 3.5623
0.232991 -0.154039 3.51998
0.321071 -0.175281 3.47767
0.409151 -0.196523 3.43535
0.497231 -0.217765 3.39303
0.585311 -0.239007 3.35072
0.673391 -0.260248 3.3084
0.00444107 -0.00179784 3.67679
0.0925209 -0.0230397 3.63447
0.180601 -0.0442815 3.59215
0.268681 -0.0655234 3.54984
0.356761 -0.0867652 3.50752
0.44484 -0.108007 3.4652
0.53292 -0.129249 3.42289
0.621 -0.150491 3.38057
0.70908 -0.171733 3.33825
0.0401306 0.0867179 3.70664
0.128211 0.0654761 3.66432
0.21629 0.0442342 3.62201
0.30437 0.0229924 3.57969
0.39245 0.00175051 3.53737
0.48053 -0.0194913 3.49506
0.56861 -0.0407332 3.45274
0.65669 -0.0619751 3.41042
0.74477 -0.0832169 3.36811
