0.261951 -3.58651 -0.38745
0.266349 -3.58155 -0.28767
0.270747 -3.57659 -0.18789
0.275145 -3.57163 -0.08811
0.279543 -3.56667 0.0116701
0.283941 -3.56171 0.11145
0.288339 -3.55676 0.21123
0.292737 -3.5518 0.31101
0.297135 -3.54684 0.41079
0.173885 -3.53916 -0.385922
0.178283 -3.5342 -0.286142
0.182681 -3.52924 -0.186362
0.187079 -3.52428 -0.0865814
0.191477 -3.51932 0.0131987
0.195875 -3.51436 0.112979
0.200273 -3.5094 0.212759
0.204671 -3.50445 0.312539
0.209069 -3.49949 0.412319
0.0858195 -3.49181 -0.384393
0.0902175 -3.48685 -0.284613
0.0946156 -3.48189 -0.184833
0.0990136 -3.47693 -0.0850528
0.103412 -3.47197 0.0147273
0.10781 -3.46701 0.114507
0.112208 -3.46205 0.214287
0.116606 -3.4571 0.314068
0.121004 -3.45214 0.413848
-0.00224617 -3.44445 -0.382865
0.00215188 -3.4395 -0.283084
0.00654992 -3.43454 -0.183304
0.010948 -3.42958 -0.0835242
0.015346 -3.42462 0.0162559
0.0197441 -3.41966 0.116036
0.0241421 -3.4147 0.215816
0.0285401 -3.40974 0.315596
0.0329382 -3.40479 0.415376
-0.0903118 -3.3971 -0.381336
-0.0859138 -3.39214 -0.281556
-0.0815157 -3.38719 -0.181776
-0.0771177 -3.38223 -0.0819956
-0.0727196 -3.37727 0.0177845
-0.0683216 -3.37231 0.117565
-0.0639235 -3.36735 0.217345
-0.0595255 -3.36239 0.317125
-0.0551274 -3.35743 0.416905
-0.178377 -3.34975 -0.379807
-0.173979 -3.34479 -0.280027
-0.169581 -3.33984 -0.180247
-0.165183 -3.33488 -0.080467
-0.160785 -3.32992 0.0193131
-0.156387 -3.32496 0.119093
-0.151989 -3.32 0.218873
-0.147591 -3.31504 0.318653
-0.143193 -3.31008 0.418433
-0.386778 0.259735 2.10672
-0.28679 0.260381 2.10808
-0.186801 0.261028 2.10945
-0.0868126 0.261674 2.11081
0.013176 0.26232 2.11218
0.113165 0.262966 2.11355
0.213153 0.263612 2.11491
0.313142 0.264258 2.11628
0.41313 0.264904 2.11765
-0.387713 0.215113 2.1962
-0.287724 0.21576 2.19757
-0.187735 0.216406 2.19894
-0.0877469 0.217052 2.2003
0.0122417 0.217698 2.20167
0.11223 0.218344 2.20303
0.212219 0.21899 2.2044
0.312207 0.219636 2.20577
0.412196 0.220283 2.20713
-0.388647 0.170492 2.28569
-0.288658 0.171138 2.28706
-0.18867 0.171784 2.28842
-0.0886812 0.17243 2.28979
0.0113074 0.173076 2.29116
0.111296 0.173722 2.29252
0.211284 0.174369 2.29389
0.311273 0.175015 2.29525
0.411262 0.175661 2.29662
-0.389581 0.12587 2.37518
-0.289593 0.126516 2.37655
-0.189604 0.127162 2.37791
-0.0896155 0.127808 2.37928
0.0103731 0.128454 2.38064
0.110362 0.129101 2.38201
0.21035 0.129747 2.38338
0.310339 0.130393 2.38474
0.410327 0.131039 2.38611
-0.390515 0.0812481 2.46467
-0.290527 0.0818942 2.46603
-0.190538 0.0825404 2.4674
-0.0905498 0.0831865 2.46877
0.00943875 0.0838326 2.47013
0.109427 0.0844788 2.4715
0.209416 0.0851249 2.47286
0.309404 0.0857711 2.47423
0.409393 0.0864172 2.4756
-0.39145 0.0366262 2.55415
-0.291461 0.0372724 2.55552
-0.191473 0.0379186 2.55689
-0.0914841 0.0385647 2.55825
0.00850444 0.0392108 2.55962
0.108493 0.039857 2.56098
0.208482 0.0405031 2.56235
0.30847 0.0411493 2.56372
0.408459 0.0417954 2.56508
